universe builder
Batch 1/1 done
                                     open     high      low    close   volume  \
symbol timestamp                                                                
NBN    2025-05-16 04:00:00+00:00   86.215   86.215   86.215   86.215   1585.0   
       2025-05-19 04:00:00+00:00   84.970   84.970   84.970   84.970   1273.0   
       2025-05-20 04:00:00+00:00   85.105   85.500   85.105   85.500   1990.0   
       2025-05-21 04:00:00+00:00   85.310   85.310   83.360   83.945   1137.0   
       2025-05-22 04:00:00+00:00   83.945   83.945   83.945   83.945      0.0   
       2025-05-23 04:00:00+00:00   82.460   82.460   82.460   82.460   1693.0   
       2025-05-27 04:00:00+00:00   82.750   86.220   82.750   85.640   3799.0   
       2025-05-28 04:00:00+00:00   84.100   84.100   83.420   83.420   4430.0   
       2025-05-29 04:00:00+00:00   83.800   83.800   83.800   83.800    808.0   
       2025-05-30 04:00:00+00:00   83.735   83.735   83.735   83.735    572.0   
       2025-06-02 04:00:00+00:00   83.735   83.735   83.735   83.735      0.0   
       2025-06-03 04:00:00+00:00   81.560   81.630   81.560   81.580   1986.0   
       2025-06-04 04:00:00+00:00   81.445   81.445   79.800   80.505   4040.0   
       2025-06-05 04:00:00+00:00   80.390   80.560   80.390   80.560   1537.0   
       2025-06-06 04:00:00+00:00   81.930   82.210   81.930   82.210    724.0   
       2025-06-09 04:00:00+00:00   84.630   84.700   84.630   84.700   2082.0   
       2025-06-10 04:00:00+00:00   84.700   84.700   84.700   84.700      0.0   
       2025-06-11 04:00:00+00:00   86.270   86.270   85.230   85.480   2499.0   
       2025-06-12 04:00:00+00:00   84.990   84.990   84.990   84.990    701.0   
       2025-06-13 04:00:00+00:00   83.800   83.800   83.800   83.800    966.0   
       2025-06-16 04:00:00+00:00   82.750   82.750   82.750   82.750    526.0   
       2025-06-17 04:00:00+00:00   82.650   82.650   81.700   81.700   6618.0   
       2025-06-18 04:00:00+00:00   81.700   81.700   81.700   81.700      0.0   
       2025-06-20 04:00:00+00:00   82.310   82.540   81.525   82.420   2449.0   
       2025-06-23 04:00:00+00:00   82.800   84.860   82.800   84.860   2530.0   
       2025-06-24 04:00:00+00:00   86.770   87.810   86.290   86.290   7288.0   
       2025-06-25 04:00:00+00:00   85.280   85.450   84.620   85.100   4511.0   
       2025-06-26 04:00:00+00:00   86.180   86.900   85.430   86.900   2914.0   
       2025-06-27 04:00:00+00:00   88.330   88.570   88.330   88.570   3255.0   
       2025-06-30 04:00:00+00:00   88.700   88.970   87.640   88.970   4398.0   
       2025-07-01 04:00:00+00:00   89.770   92.445   89.770   92.090   4330.0   
       2025-07-02 04:00:00+00:00   92.280   93.140   92.280   93.140   1521.0   
       2025-07-03 04:00:00+00:00   96.025   96.550   95.715   95.715   2942.0   
       2025-07-07 04:00:00+00:00   95.925   95.925   94.400   94.400   2161.0   
       2025-07-08 04:00:00+00:00   95.510   96.170   95.260   95.720   6614.0   
       2025-07-09 04:00:00+00:00   95.890   95.890   94.980   95.110   2454.0   
       2025-07-10 04:00:00+00:00   96.720   97.030   96.475   96.950   2168.0   
       2025-07-11 04:00:00+00:00   95.710   96.500   95.710   96.100   5600.0   
       2025-07-14 04:00:00+00:00   96.780   97.475   96.780   97.100   2528.0   
       2025-07-15 04:00:00+00:00   97.225   97.225   95.380   95.515   2628.0   
       2025-07-16 04:00:00+00:00   94.750   95.845   94.750   95.500   5457.0   
       2025-07-17 04:00:00+00:00   96.240   96.240   96.020   96.040   2168.0   
       2025-07-18 04:00:00+00:00   96.250   96.250   94.365   94.680   1795.0   
       2025-07-21 04:00:00+00:00   96.840   96.840   95.050   95.050   1503.0   
       2025-07-22 04:00:00+00:00   95.000   97.330   95.000   96.110   2938.0   
       2025-07-23 04:00:00+00:00   95.310   96.390   95.310   95.875   2682.0   
       2025-07-24 04:00:00+00:00   95.675   97.270   95.665   96.700   3208.0   
       2025-07-25 04:00:00+00:00   95.940   96.120   95.410   95.995   4937.0   
       2025-07-28 04:00:00+00:00   95.950   98.060   95.600   98.060   3965.0   
       2025-07-29 04:00:00+00:00  101.500  105.435   99.345  104.125   3585.0   
       2025-07-30 04:00:00+00:00  105.370  105.370  100.480  100.880   5882.0   
       2025-07-31 04:00:00+00:00   99.800   99.800   98.415   99.165   3703.0   
       2025-08-01 04:00:00+00:00   94.760   95.970   92.755   92.755   6198.0   
       2025-08-04 04:00:00+00:00   93.040   93.860   91.300   93.860   2899.0   
       2025-08-05 04:00:00+00:00   92.975   95.825   92.975   95.630   6232.0   
       2025-08-06 04:00:00+00:00   92.840   93.820   92.840   93.820   3266.0   
       2025-08-07 04:00:00+00:00   93.055   94.025   93.055   94.000   2317.0   
       2025-08-08 04:00:00+00:00   94.600   96.755   94.600   96.755   3525.0   
       2025-08-11 04:00:00+00:00   97.605   97.605   96.900   97.490   2106.0   
       2025-08-12 04:00:00+00:00   99.020  102.465   99.020  102.210   5171.0   
       2025-08-13 04:00:00+00:00  102.190  103.000  101.155  103.000   1698.0   
       2025-08-14 04:00:00+00:00  102.590  103.935  101.380  103.540   5041.0   
       2025-08-15 04:00:00+00:00  102.730  102.970   99.800   99.800   8224.0   
       2025-08-18 04:00:00+00:00  100.910  102.110  100.910  102.110   2616.0   
       2025-08-19 04:00:00+00:00  101.985  102.420  101.310  102.025   3122.0   
       2025-08-20 04:00:00+00:00  103.200  103.200  101.860  102.245   1125.0   
       2025-08-21 04:00:00+00:00  102.890  102.890  101.965  101.965   1427.0   
       2025-08-22 04:00:00+00:00  103.150  108.250  103.150  108.250   1803.0   
       2025-08-25 04:00:00+00:00  107.895  109.600  107.895  109.600   2065.0   
       2025-08-26 04:00:00+00:00  109.630  110.625  109.500  110.595   2606.0   
       2025-08-27 04:00:00+00:00  110.355  110.740  110.355  110.670   2004.0   
       2025-08-28 04:00:00+00:00  110.655  111.000  110.355  110.800   4963.0   
       2025-08-29 04:00:00+00:00  110.970  111.000  110.415  110.415   3844.0   
       2025-09-02 04:00:00+00:00  108.200  109.590  108.200  109.535   2134.0   
       2025-09-03 04:00:00+00:00  108.280  108.550  108.170  108.550   1439.0   
       2025-09-04 04:00:00+00:00  109.510  110.260  109.510  110.260   1027.0   
       2025-09-05 04:00:00+00:00  111.430  111.430  107.950  109.380   3384.0   
       2025-09-08 04:00:00+00:00  109.640  110.260  109.640  110.260   1492.0   
       2025-09-09 04:00:00+00:00  110.080  111.015  109.030  110.885   3590.0   
       2025-09-10 04:00:00+00:00  110.115  110.690  109.070  110.690   2688.0   
       2025-09-11 04:00:00+00:00  110.690  110.690  110.690  110.690      0.0   
       2025-09-12 04:00:00+00:00  110.510  110.680  109.465  110.445   2421.0   
       2025-09-15 04:00:00+00:00  110.945  110.945  109.040  110.170   2920.0   
       2025-09-16 04:00:00+00:00  109.000  109.010  108.510  108.510   4692.0   
       2025-09-17 04:00:00+00:00  109.660  112.040  108.990  108.990   3209.0   
       2025-09-18 04:00:00+00:00  110.120  112.045  110.120  111.570   3116.0   
       2025-09-19 04:00:00+00:00  111.190  111.190  109.880  109.880   1503.0   
       2025-09-22 04:00:00+00:00  108.945  109.100  108.770  108.840   4963.0   
       2025-09-23 04:00:00+00:00  107.980  108.145  107.945  108.140   1937.0   
       2025-09-24 04:00:00+00:00  108.975  109.100  107.555  107.820   2431.0   
       2025-09-25 04:00:00+00:00  103.040  103.110  103.040  103.110   1374.0   
       2025-09-26 04:00:00+00:00  104.160  105.080  102.490  102.610   3004.0   
       2025-09-29 04:00:00+00:00  101.735  102.335  101.450  101.450   1457.0   
       2025-09-30 04:00:00+00:00   99.920  100.310   99.890  100.310   2039.0   
       2025-10-01 04:00:00+00:00   98.755   99.210   98.225   98.535   2841.0   
       2025-10-02 04:00:00+00:00   97.365   97.365   94.195   94.195   2478.0   
       2025-10-03 04:00:00+00:00   94.740   94.950   94.470   94.930   1965.0   
       2025-10-06 04:00:00+00:00   95.600   97.320   95.510   96.180   2489.0   
       2025-10-07 04:00:00+00:00   97.715   97.715   95.270   95.270   2097.0   
       2025-10-08 04:00:00+00:00   96.390   96.390   95.510   95.510   1199.0   
       2025-10-09 04:00:00+00:00   94.305   94.785   94.305   94.400   1301.0   
       2025-10-10 04:00:00+00:00   95.010   95.010   94.075   94.075   1612.0   
       2025-10-13 04:00:00+00:00   92.080   93.080   92.080   92.610   2981.0   
       2025-10-14 04:00:00+00:00   96.030   96.030   96.030   96.030   1615.0   
       2025-10-15 04:00:00+00:00   93.625   93.625   93.625   93.625   1060.0   
       2025-10-16 04:00:00+00:00   91.720   91.720   88.920   88.920   1970.0   
       2025-10-17 04:00:00+00:00   91.125   91.125   90.830   90.830   1552.0   
       2025-10-20 04:00:00+00:00   93.745   93.745   93.745   93.745   1448.0   
       2025-10-21 04:00:00+00:00   94.255   94.415   93.715   93.990   1457.0   
       2025-10-22 04:00:00+00:00   94.680   95.240   94.680   95.240   1721.0   
       2025-10-23 04:00:00+00:00   94.195   94.195   94.195   94.195    476.0   
       2025-10-24 04:00:00+00:00   94.195   94.195   94.195   94.195      0.0   
       2025-10-27 04:00:00+00:00   94.195   94.195   94.195   94.195      0.0   
       2025-10-28 04:00:00+00:00   96.045   96.440   96.045   96.440    936.0   
       2025-10-29 04:00:00+00:00   94.080   95.510   92.780   93.890   1642.0   
       2025-10-30 04:00:00+00:00   88.230   88.230   86.660   86.660   1148.0   
       2025-10-31 04:00:00+00:00   87.035   87.800   87.035   87.545   1326.0   
       2025-11-03 05:00:00+00:00   87.900   87.900   87.470   87.470   1284.0   
       2025-11-04 05:00:00+00:00   85.520   85.520   85.520   85.520   1147.0   
       2025-11-05 05:00:00+00:00   85.520   85.520   85.520   85.520      0.0   
       2025-11-06 05:00:00+00:00   84.115   84.200   84.115   84.200   1029.0   
       2025-11-07 05:00:00+00:00   84.680   84.680   84.420   84.420   1466.0   
       2025-11-10 05:00:00+00:00   84.930   85.660   84.860   85.640   3003.0   
       2025-11-11 05:00:00+00:00   85.630   85.850   85.500   85.500   1224.0   
       2025-11-12 05:00:00+00:00   86.725   86.725   85.450   85.450   1721.0   
       2025-11-13 05:00:00+00:00   84.760   84.760   83.320   83.955   2383.0   
       2025-11-14 05:00:00+00:00   83.880   85.695   83.880   85.690   2505.0   
       2025-11-17 05:00:00+00:00   84.525   84.550   81.640   81.640   3707.0   
       2025-11-18 05:00:00+00:00   83.400   83.415   83.400   83.415   1420.0   
       2025-11-19 05:00:00+00:00   82.740   82.740   82.740   82.740   1930.0   
       2025-11-20 05:00:00+00:00   82.740   82.740   82.740   82.740      0.0   
       2025-11-21 05:00:00+00:00   82.300   86.210   82.300   86.050   3137.0   
       2025-11-24 05:00:00+00:00   84.970   84.970   83.340   84.065   1198.0   
       2025-11-25 05:00:00+00:00   86.440   87.690   86.135   87.690   3551.0   
       2025-11-26 05:00:00+00:00   87.650   88.255   87.510   88.080   2032.0   
       2025-11-28 05:00:00+00:00   88.420   88.795   87.705   88.590   1660.0   
       2025-12-01 05:00:00+00:00   88.940   90.895   88.940   90.895   1474.0   
       2025-12-02 05:00:00+00:00   91.700   91.755   89.540   89.595   5030.0   
       2025-12-03 05:00:00+00:00   90.755   91.695   90.755   91.665   1512.0   
       2025-12-04 05:00:00+00:00   91.615   93.115   91.615   92.655   1939.0   
       2025-12-05 05:00:00+00:00   92.000   92.630   91.600   91.950   2580.0   
       2025-12-08 05:00:00+00:00   93.200   93.370   92.900   93.335   2007.0   
       2025-12-09 05:00:00+00:00   94.890   94.890   93.240   93.905   2235.0   
       2025-12-10 05:00:00+00:00   95.000   97.920   94.470   97.920   4085.0   
       2025-12-11 05:00:00+00:00   97.010   99.420   97.010   99.110   8594.0   
       2025-12-12 05:00:00+00:00   99.575  100.000   98.940   99.580  14289.0   
       2025-12-15 05:00:00+00:00   99.415  100.260   98.325  100.260   3663.0   
       2025-12-16 05:00:00+00:00  101.320  101.460  101.320  101.460   2690.0   
       2025-12-17 05:00:00+00:00  102.410  102.410  101.920  101.920   3067.0   
       2025-12-18 05:00:00+00:00  103.545  109.715  103.545  109.715   3870.0   
       2025-12-19 05:00:00+00:00  108.990  109.050  106.920  106.920   2989.0   
       2025-12-22 05:00:00+00:00  107.750  107.880  107.150  107.880   3143.0   
       2025-12-23 05:00:00+00:00  106.685  107.200  106.535  106.655   2708.0   
       2025-12-24 05:00:00+00:00  107.000  107.270  107.000  107.270   1317.0   
       2025-12-26 05:00:00+00:00  107.620  107.620  106.020  106.020   1583.0   
       2025-12-29 05:00:00+00:00  106.250  106.250  105.615  105.850   1416.0   
       2025-12-30 05:00:00+00:00  105.150  105.250  103.345  105.095   4731.0   
       2025-12-31 05:00:00+00:00  105.825  105.825  103.950  103.960   3048.0   
       2026-01-02 05:00:00+00:00  103.450  104.270  102.710  102.740   3874.0   
       2026-01-05 05:00:00+00:00  103.260  106.485  103.260  106.485   2835.0   
       2026-01-06 05:00:00+00:00  105.150  106.450  105.125  106.360   1907.0   
       2026-01-07 05:00:00+00:00  106.410  106.410  105.190  105.730   1784.0   
       2026-01-08 05:00:00+00:00  107.380  113.470  107.380  112.505   4348.0   
       2026-01-09 05:00:00+00:00  110.900  110.900  107.910  107.910   2959.0   
       2026-01-12 05:00:00+00:00  106.250  108.000  106.250  108.000    981.0   
       2026-01-13 05:00:00+00:00  107.185  108.785  107.185  108.785    895.0   
       2026-01-14 05:00:00+00:00  107.790  112.490  107.790  112.490   2523.0   
       2026-01-15 05:00:00+00:00  113.100  115.580  113.100  115.230   2246.0   
       2026-01-16 05:00:00+00:00  115.485  117.055  114.435  114.435   2631.0   
       2026-01-20 05:00:00+00:00  115.450  115.450  113.815  113.815   1535.0   
       2026-01-21 05:00:00+00:00  114.730  118.680  114.730  118.680   2159.0   
       2026-01-22 05:00:00+00:00  119.800  119.800  119.800  119.800    875.0   
       2026-01-23 05:00:00+00:00  118.985  118.985  113.860  113.860   1187.0   
       2026-01-26 05:00:00+00:00  112.995  115.475  112.995  114.480   1322.0   
       2026-01-27 05:00:00+00:00  106.660  110.750  106.660  109.785   5265.0   
       2026-01-28 05:00:00+00:00  114.000  114.930  113.790  114.590   2590.0   
       2026-01-29 05:00:00+00:00  115.180  116.790  115.180  116.790   2942.0   
       2026-01-30 05:00:00+00:00  116.420  116.550  115.360  115.360   2577.0   
       2026-02-02 05:00:00+00:00  114.280  120.290  114.280  119.250   3263.0   
       2026-02-03 05:00:00+00:00  122.400  122.400  122.400  122.400   1666.0   
       2026-02-04 05:00:00+00:00  124.810  124.925  124.710  124.925   2124.0   
       2026-02-05 05:00:00+00:00  122.690  122.690  119.545  121.790   2319.0   
       2026-02-06 05:00:00+00:00  123.390  125.605  123.390  125.605   2798.0   
       2026-02-09 05:00:00+00:00  124.140  124.270  123.700  124.270   1532.0   
       2026-02-10 05:00:00+00:00  122.870  122.870  119.480  119.710   1800.0   
       2026-02-11 05:00:00+00:00  122.370  122.370  120.865  120.865   1941.0   
       2026-02-12 05:00:00+00:00  118.690  120.255  118.690  118.970   1560.0   
       2026-02-13 05:00:00+00:00  119.120  119.120  118.910  118.910   1680.0   
       2026-02-17 05:00:00+00:00  121.770  121.905  119.730  121.685   1701.0   
       2026-02-18 05:00:00+00:00  116.710  117.190  116.710  117.190   1382.0   
       2026-02-19 05:00:00+00:00  116.400  116.400  115.470  115.470   1990.0   
       2026-02-20 05:00:00+00:00  115.850  117.215  115.850  116.650   3505.0   
       2026-02-23 05:00:00+00:00  111.750  113.140  111.415  113.140   3832.0   
       2026-02-24 05:00:00+00:00  113.145  113.145  110.930  111.780   2567.0   
       2026-02-25 05:00:00+00:00  114.535  116.005  113.915  115.760   3603.0   
       2026-02-26 05:00:00+00:00  114.610  115.990  113.720  115.990   3541.0   
       2026-02-27 05:00:00+00:00  110.790  111.550  110.390  110.390   3536.0   
       2026-03-02 05:00:00+00:00  111.335  113.010  111.335  112.790   2753.0   
       2026-03-03 05:00:00+00:00  110.430  112.170  110.430  111.600   4130.0   
       2026-03-04 05:00:00+00:00  112.490  113.495  112.260  112.260   2601.0   
       2026-03-05 05:00:00+00:00  109.170  109.490  108.855  109.490   2725.0   
       2026-03-06 05:00:00+00:00  104.780  106.460  104.780  106.325   1796.0   
       2026-03-09 04:00:00+00:00  106.930  107.520  104.430  107.210   4181.0   
       2026-03-10 04:00:00+00:00  108.680  111.535  107.165  108.810   7925.0   
       2026-03-11 04:00:00+00:00  107.575  109.095  107.575  108.660   4901.0   
       2026-03-12 04:00:00+00:00  107.115  110.630  107.115  109.655   5187.0   
       2026-03-13 04:00:00+00:00  109.430  110.010  108.540  109.270   2714.0   
       2026-03-16 04:00:00+00:00  110.110  110.110  110.110  110.110   1335.0   
       2026-03-17 04:00:00+00:00  111.090  111.090  108.745  109.190   1457.0   
       2026-03-18 04:00:00+00:00  107.600  107.600  106.340  106.340   1738.0   
       2026-03-19 04:00:00+00:00  106.140  107.810  105.720  107.810   3138.0   
       2026-03-20 04:00:00+00:00  107.940  107.940  106.000  106.500   2177.0   
       2026-03-23 04:00:00+00:00  109.550  110.950  107.675  107.675   3227.0   
       2026-03-24 04:00:00+00:00  110.205  110.655  110.205  110.610   3336.0   
       2026-03-25 04:00:00+00:00  111.960  111.960  109.840  109.840   3394.0   
       2026-03-26 04:00:00+00:00  108.230  108.560  108.190  108.560   2367.0   
       2026-03-27 04:00:00+00:00  107.060  108.500  107.060  108.500   1548.0   
       2026-03-30 04:00:00+00:00  109.140  109.940  109.140  109.940   1989.0   
       2026-03-31 04:00:00+00:00  111.150  111.360  109.660  111.360   3537.0   
       2026-04-01 04:00:00+00:00  114.500  115.420  114.400  115.420   2782.0   
       2026-04-02 04:00:00+00:00  113.840  116.240  113.840  116.240   4232.0   
       2026-04-06 04:00:00+00:00  116.485  116.485  116.485  116.485   1629.0   
       2026-04-07 04:00:00+00:00  116.700  117.845  116.700  117.070   3755.0   
       2026-04-08 04:00:00+00:00  122.600  122.600  120.520  120.675   4828.0   
       2026-04-09 04:00:00+00:00  120.200  124.290  120.200  124.290   5153.0   
       2026-04-10 04:00:00+00:00  123.070  124.600  122.920  124.015   4812.0   
       2026-04-13 04:00:00+00:00  123.140  124.250  122.915  124.175   4351.0   
       2026-04-14 04:00:00+00:00  121.950  122.985  121.250  122.985   3469.0   
       2026-04-15 04:00:00+00:00  123.980  123.980  123.980  123.980   3163.0   
       2026-04-16 04:00:00+00:00  121.120  121.120  120.870  120.870   2434.0   
       2026-04-17 04:00:00+00:00  122.850  125.820  122.850  125.360   3486.0   
       2026-04-20 04:00:00+00:00  124.620  124.880  124.510  124.510   1708.0   
       2026-04-21 04:00:00+00:00  121.890  121.890  121.890  121.890   1265.0   
       2026-04-22 04:00:00+00:00  121.875  121.875  121.010  121.010   1499.0   
       2026-04-23 04:00:00+00:00  121.310  121.310  121.310  121.310   1887.0   
       2026-04-24 04:00:00+00:00  119.960  119.960  119.620  119.620   4289.0   
       2026-04-27 04:00:00+00:00  122.830  123.370  122.490  122.875   3498.0   
       2026-04-28 04:00:00+00:00  128.610  135.230  127.840  129.420  12771.0   
       2026-04-29 04:00:00+00:00  132.005  132.005  123.360  124.240   7095.0   
       2026-04-30 04:00:00+00:00  123.470  124.990  123.260  124.310   2959.0   
       2026-05-01 04:00:00+00:00  124.970  124.970  124.860  124.860   2557.0   
       2026-05-04 04:00:00+00:00  123.850  125.820  123.780  124.180   3155.0   
       2026-05-05 04:00:00+00:00  127.245  127.905  126.180  126.180   4131.0   
       2026-05-06 04:00:00+00:00  128.970  128.970  127.495  128.215   4245.0   
       2026-05-07 04:00:00+00:00  127.410  127.410  125.600  125.600   2795.0   
       2026-05-08 04:00:00+00:00  123.915  124.560  123.470  123.545   3117.0   
       2026-05-11 04:00:00+00:00  123.690  124.150  123.620  123.620   2291.0   
       2026-05-12 04:00:00+00:00  121.920  122.410  121.900  122.000   2380.0   
       2026-05-13 04:00:00+00:00  120.730  120.730  118.140  118.140   2361.0   
       2026-05-14 04:00:00+00:00  120.500  120.500  118.320  118.320   3631.0   
       2026-05-15 04:00:00+00:00  118.040  118.040  114.285  115.350   4450.0   
NBOS   2025-05-16 04:00:00+00:00   25.050   25.050   25.050   25.050      0.0   
       2025-05-19 04:00:00+00:00   25.570   25.570   25.570   25.570    160.0   
       2025-05-20 04:00:00+00:00   25.570   25.570   25.570   25.570      0.0   
       2025-05-21 04:00:00+00:00   25.570   25.570   25.570   25.570      0.0   
       2025-05-22 04:00:00+00:00   25.500   25.500   25.500   25.500    100.0   
       2025-05-23 04:00:00+00:00   25.500   25.500   25.500   25.500      0.0   
       2025-05-27 04:00:00+00:00   25.500   25.500   25.500   25.500      0.0   
       2025-05-28 04:00:00+00:00   25.355   25.355   25.355   25.355    100.0   
       2025-05-29 04:00:00+00:00   25.355   25.355   25.355   25.355      0.0   
       2025-05-30 04:00:00+00:00   25.480   25.480   25.480   25.480    519.0   
       2025-06-02 04:00:00+00:00   25.480   25.480   25.480   25.480      0.0   
       2025-06-03 04:00:00+00:00   25.430   25.470   25.430   25.470    543.0   
       2025-06-04 04:00:00+00:00   25.470   25.470   25.470   25.470      0.0   
       2025-06-05 04:00:00+00:00   25.470   25.470   25.470   25.470      0.0   
       2025-06-06 04:00:00+00:00   25.470   25.470   25.470   25.470      0.0   
       2025-06-09 04:00:00+00:00   25.470   25.470   25.470   25.470      0.0   
       2025-06-10 04:00:00+00:00   25.710   25.710   25.710   25.710    162.0   
       2025-06-11 04:00:00+00:00   25.710   25.710   25.710   25.710      0.0   
       2025-06-12 04:00:00+00:00   25.800   25.800   25.800   25.800    211.0   
       2025-06-13 04:00:00+00:00   25.800   25.800   25.800   25.800      0.0   
       2025-06-16 04:00:00+00:00   25.780   25.780   25.780   25.780    100.0   
       2025-06-17 04:00:00+00:00   25.780   25.780   25.780   25.780      0.0   
       2025-06-18 04:00:00+00:00   25.780   25.780   25.780   25.780    300.0   
       2025-06-20 04:00:00+00:00   25.710   25.710   25.710   25.710    100.0   
       2025-06-23 04:00:00+00:00   25.710   25.710   25.710   25.710      0.0   
       2025-06-24 04:00:00+00:00   25.710   25.710   25.710   25.710      0.0   
       2025-06-25 04:00:00+00:00   25.900   25.900   25.900   25.900    100.0   
       2025-06-26 04:00:00+00:00   25.900   25.900   25.900   25.900      0.0   
       2025-06-27 04:00:00+00:00   25.900   25.900   25.900   25.900      0.0   
       2025-06-30 04:00:00+00:00   25.900   25.900   25.900   25.900      0.0   
       2025-07-01 04:00:00+00:00   25.940   25.940   25.940   25.940    150.0   
       2025-07-02 04:00:00+00:00   25.940   25.940   25.940   25.940      0.0   
       2025-07-03 04:00:00+00:00   25.940   25.940   25.940   25.940      0.0   
       2025-07-07 04:00:00+00:00   25.940   25.940   25.940   25.940      0.0   
       2025-07-08 04:00:00+00:00   25.990   25.990   25.990   25.990    109.0   
       2025-07-09 04:00:00+00:00   25.990   25.990   25.990   25.990      0.0   
       2025-07-10 04:00:00+00:00   25.990   25.990   25.990   25.990      0.0   
       2025-07-11 04:00:00+00:00   25.990   25.990   25.990   25.990      0.0   
       2025-07-14 04:00:00+00:00   26.170   26.170   26.170   26.170    100.0   
       2025-07-15 04:00:00+00:00   26.110   26.110   26.110   26.110    100.0   
       2025-07-16 04:00:00+00:00   26.150   26.150   26.150   26.150    217.0   
       2025-07-17 04:00:00+00:00   26.150   26.150   26.150   26.150      0.0   
       2025-07-18 04:00:00+00:00   26.150   26.150   26.150   26.150      0.0   
       2025-07-21 04:00:00+00:00   26.235   26.310   26.230   26.250   7650.0   
       2025-07-22 04:00:00+00:00   26.410   26.410   26.250   26.250    200.0   
       2025-07-23 04:00:00+00:00   26.320   26.320   26.320   26.320    100.0   
       2025-07-24 04:00:00+00:00   26.375   26.375   26.375   26.375    200.0   
       2025-07-25 04:00:00+00:00   26.390   26.390   26.390   26.390    100.0   
       2025-07-28 04:00:00+00:00   26.390   26.390   26.390   26.390      0.0   
       2025-07-29 04:00:00+00:00   26.250   26.280   26.220   26.280   4540.0   
       2025-07-30 04:00:00+00:00   26.280   26.280   26.280   26.280      0.0   
       2025-07-31 04:00:00+00:00   26.280   26.280   26.280   26.280      0.0   
       2025-08-01 04:00:00+00:00   25.960   25.960   25.955   25.955    424.0   
       2025-08-04 04:00:00+00:00   26.215   26.240   26.215   26.240    816.0   
       2025-08-05 04:00:00+00:00   26.240   26.240   26.240   26.240      0.0   
       2025-08-06 04:00:00+00:00   26.240   26.240   26.240   26.240      0.0   
       2025-08-07 04:00:00+00:00   26.280   26.280   26.280   26.280    205.0   
       2025-08-08 04:00:00+00:00   26.360   26.360   26.345   26.345    308.0   
       2025-08-11 04:00:00+00:00   26.345   26.345   26.345   26.345      0.0   
       2025-08-12 04:00:00+00:00   26.420   26.420   26.420   26.420    351.0   
       2025-08-13 04:00:00+00:00   26.470   26.475   26.470   26.475    900.0   
       2025-08-14 04:00:00+00:00   26.475   26.475   26.475   26.475      0.0   
       2025-08-15 04:00:00+00:00   26.470   26.470   26.470   26.470    276.0   
       2025-08-18 04:00:00+00:00   26.470   26.470   26.470   26.470      0.0   
       2025-08-19 04:00:00+00:00   26.480   26.480   26.410   26.410    340.0   
       2025-08-20 04:00:00+00:00   26.450   26.450   26.450   26.450    660.0   
       2025-08-21 04:00:00+00:00   26.450   26.450   26.450   26.450      0.0   
       2025-08-22 04:00:00+00:00   26.530   26.530   26.530   26.530    399.0   
       2025-08-25 04:00:00+00:00   26.530   26.530   26.530   26.530      0.0   
       2025-08-26 04:00:00+00:00   26.410   26.430   26.410   26.430    510.0   
       2025-08-27 04:00:00+00:00   26.440   26.440   26.440   26.440    386.0   
       2025-08-28 04:00:00+00:00   26.440   26.440   26.440   26.440      0.0   
       2025-08-29 04:00:00+00:00   26.480   26.480   26.410   26.410    322.0   
       2025-09-02 04:00:00+00:00   26.375   26.375   26.375   26.375    426.0   
       2025-09-03 04:00:00+00:00   26.400   26.410   26.400   26.410    420.0   
       2025-09-04 04:00:00+00:00   26.410   26.410   26.410   26.410      0.0   
       2025-09-05 04:00:00+00:00   26.525   26.525   26.525   26.525   1414.0   
       2025-09-08 04:00:00+00:00   26.590   26.590   26.590   26.590    232.0   
       2025-09-09 04:00:00+00:00   26.590   26.590   26.590   26.590      0.0   
       2025-09-10 04:00:00+00:00   26.590   26.590   26.590   26.590      0.0   
       2025-09-11 04:00:00+00:00   26.590   26.590   26.590   26.590      0.0   
       2025-09-12 04:00:00+00:00   26.590   26.590   26.590   26.590      0.0   
       2025-09-15 04:00:00+00:00   26.770   26.770   26.770   26.770    236.0   
       2025-09-16 04:00:00+00:00   26.760   26.760   26.760   26.760    300.0   
       2025-09-17 04:00:00+00:00   26.760   26.760   26.760   26.760      0.0   
       2025-09-18 04:00:00+00:00   26.760   26.760   26.760   26.760      0.0   
       2025-09-19 04:00:00+00:00   26.760   26.760   26.760   26.760      0.0   
       2025-09-22 04:00:00+00:00   26.790   26.790   26.790   26.790    122.0   
       2025-09-23 04:00:00+00:00   26.790   26.790   26.790   26.790      0.0   
       2025-09-24 04:00:00+00:00   26.880   26.880   26.860   26.860    526.0   
       2025-09-25 04:00:00+00:00   26.660   26.660   26.650   26.650    200.0   
       2025-09-26 04:00:00+00:00   26.670   26.670   26.670   26.670    394.0   
       2025-09-29 04:00:00+00:00   26.760   26.760   26.760   26.760    262.0   
       2025-09-30 04:00:00+00:00   26.780   26.780   26.780   26.780    200.0   
       2025-10-01 04:00:00+00:00   26.780   26.780   26.780   26.780      0.0   
       2025-10-02 04:00:00+00:00   26.835   26.835   26.835   26.835    257.0   
       2025-10-03 04:00:00+00:00   26.855   26.855   26.855   26.855    220.0   
       2025-10-06 04:00:00+00:00   26.870   26.870   26.860   26.860    302.0   
       2025-10-07 04:00:00+00:00   26.850   26.850   26.850   26.850    171.0   
       2025-10-08 04:00:00+00:00   26.945   26.945   26.945   26.945    100.0   
       2025-10-09 04:00:00+00:00   26.945   26.945   26.945   26.945      0.0   
       2025-10-10 04:00:00+00:00   26.945   26.945   26.945   26.945      0.0   
       2025-10-13 04:00:00+00:00   26.945   26.945   26.945   26.945      0.0   
       2025-10-14 04:00:00+00:00   26.945   26.945   26.945   26.945      0.0   
       2025-10-15 04:00:00+00:00   26.945   26.945   26.945   26.945      0.0   
       2025-10-16 04:00:00+00:00   26.945   26.945   26.945   26.945      0.0   
       2025-10-17 04:00:00+00:00   26.945   26.945   26.945   26.945      0.0   
       2025-10-20 04:00:00+00:00   27.140   27.140   27.140   27.140    149.0   
       2025-10-21 04:00:00+00:00   27.150   27.200   27.150   27.200    800.0   
       2025-10-22 04:00:00+00:00   27.150   27.160   27.100   27.100   1290.0   
       2025-10-23 04:00:00+00:00   27.100   27.100   27.100   27.100      0.0   
       2025-10-24 04:00:00+00:00   27.250   27.250   27.240   27.240    284.0   
       2025-10-27 04:00:00+00:00   27.280   27.360   27.280   27.335   1449.0   
       2025-10-28 04:00:00+00:00   27.335   27.335   27.335   27.335      0.0   
       2025-10-29 04:00:00+00:00   27.155   27.155   27.155   27.155    330.0   
       2025-10-30 04:00:00+00:00   27.115   27.115   27.115   27.115    284.0   
       2025-10-31 04:00:00+00:00   27.115   27.115   27.090   27.090    284.0   
       2025-11-03 05:00:00+00:00   27.145   27.145   27.145   27.145    165.0   
       2025-11-04 05:00:00+00:00   27.075   27.080   27.000   27.000    694.0   
       2025-11-05 05:00:00+00:00   27.150   27.150   27.150   27.150    170.0   
       2025-11-06 05:00:00+00:00   26.985   27.035   26.985   27.035    371.0   
       2025-11-07 05:00:00+00:00   27.035   27.035   27.035   27.035      0.0   
       2025-11-10 05:00:00+00:00   27.035   27.035   27.035   27.035      0.0   
       2025-11-11 05:00:00+00:00   27.035   27.035   27.035   27.035      0.0   
       2025-11-12 05:00:00+00:00   27.035   27.035   27.035   27.035      0.0   
       2025-11-13 05:00:00+00:00   27.035   27.035   27.035   27.035      0.0   
       2025-11-14 05:00:00+00:00   27.110   27.110   27.110   27.110    130.0   
       2025-11-17 05:00:00+00:00   27.070   27.070   26.950   26.950    200.0   
       2025-11-18 05:00:00+00:00   26.730   26.750   26.730   26.750    491.0   
       2025-11-19 05:00:00+00:00   27.000   27.010   26.800   26.800    554.0   
       2025-11-20 05:00:00+00:00   26.590   26.590   26.500   26.500    639.0   
       2025-11-21 05:00:00+00:00   26.890   26.890   26.890   26.890    100.0   
       2025-11-24 05:00:00+00:00   26.890   26.890   26.890   26.890      0.0   
       2025-11-25 05:00:00+00:00   26.860   26.860   26.860   26.860    348.0   
       2025-11-26 05:00:00+00:00   26.860   26.860   26.860   26.860      0.0   
       2025-11-28 05:00:00+00:00   26.860   26.860   26.860   26.860      0.0   
       2025-12-01 05:00:00+00:00   27.160   27.160   27.130   27.130    489.0   
       2025-12-02 05:00:00+00:00   27.130   27.130   27.130   27.130      0.0   
       2025-12-03 05:00:00+00:00   27.150   27.170   27.150   27.150    410.0   
       2025-12-04 05:00:00+00:00   27.150   27.150   27.150   27.150      0.0   
       2025-12-05 05:00:00+00:00   27.070   27.070   27.070   27.070    200.0   
       2025-12-08 05:00:00+00:00   27.070   27.070   27.070   27.070    100.0   
       2025-12-09 05:00:00+00:00   27.070   27.070   27.060   27.060    200.0   
       2025-12-10 05:00:00+00:00   27.170   27.190   27.170   27.190    231.0   
       2025-12-11 05:00:00+00:00   27.190   27.190   27.190   27.190      0.0   
       2025-12-12 05:00:00+00:00   27.210   27.210   27.210   27.210    237.0   
       2025-12-15 05:00:00+00:00   27.210   27.210   27.210   27.210      0.0   
       2025-12-16 05:00:00+00:00   27.225   27.270   27.190   27.190    600.0   
       2025-12-17 05:00:00+00:00   27.160   27.160   27.160   27.160    100.0   
       2025-12-18 05:00:00+00:00   27.160   27.160   27.160   27.160      0.0   
       2025-12-19 05:00:00+00:00   27.060   27.240   27.060   27.225    927.0   
       2025-12-22 05:00:00+00:00   27.215   27.215   27.215   27.215    100.0   
       2025-12-23 05:00:00+00:00   27.330   27.330   27.330   27.330    432.0   
       2025-12-24 05:00:00+00:00   27.330   27.330   27.330   27.330      0.0   
       2025-12-26 05:00:00+00:00   27.330   27.330   27.330   27.330      0.0   
       2025-12-29 05:00:00+00:00   27.330   27.330   27.330   27.330      0.0   
       2025-12-30 05:00:00+00:00   27.330   27.330   27.330   27.330      0.0   
       2025-12-31 05:00:00+00:00   27.490   27.490   27.325   27.325    633.0   
       2026-01-02 05:00:00+00:00   27.285   27.285   27.285   27.285    250.0   
       2026-01-05 05:00:00+00:00   27.285   27.285   27.285   27.285      0.0   
       2026-01-06 05:00:00+00:00   27.425   27.425   27.425   27.425    514.0   
       2026-01-07 05:00:00+00:00   27.500   27.500   27.500   27.500    220.0   
       2026-01-08 05:00:00+00:00   27.380   27.380   27.380   27.380    100.0   
       2026-01-09 05:00:00+00:00   27.430   27.430   27.430   27.430    914.0   
       2026-01-12 05:00:00+00:00   27.540   27.590   27.540   27.590    395.0   
       2026-01-13 05:00:00+00:00   27.590   27.590   27.590   27.590      0.0   
       2026-01-14 05:00:00+00:00   27.430   27.470   27.410   27.410    799.0   
       2026-01-15 05:00:00+00:00   27.410   27.410   27.410   27.410      0.0   
       2026-01-16 05:00:00+00:00   27.500   27.500   27.500   27.500    200.0   
       2026-01-20 05:00:00+00:00   27.250   27.275   27.220   27.220    340.0   
       2026-01-21 05:00:00+00:00   27.320   27.320   27.320   27.320    178.0   
       2026-01-22 05:00:00+00:00   27.320   27.320   27.320   27.320      0.0   
       2026-01-23 05:00:00+00:00   27.320   27.320   27.320   27.320      0.0   
       2026-01-26 05:00:00+00:00   27.620   27.635   27.620   27.635    200.0   
       2026-01-27 05:00:00+00:00   27.635   27.635   27.635   27.635      0.0   
       2026-01-28 05:00:00+00:00   27.635   27.635   27.635   27.635      0.0   
       2026-01-29 05:00:00+00:00   27.635   27.635   27.635   27.635      0.0   
       2026-01-30 05:00:00+00:00   27.540   27.570   27.540   27.570    469.0   
       2026-02-02 05:00:00+00:00   27.570   27.570   27.570   27.570    143.0   
       2026-02-03 05:00:00+00:00   27.660   27.660   27.660   27.660    100.0   
       2026-02-04 05:00:00+00:00   27.415   27.415   27.330   27.330    228.0   
       2026-02-05 05:00:00+00:00   27.130   27.310   27.130   27.310    208.0   
       2026-02-06 05:00:00+00:00   27.485   27.485   27.460   27.460    505.0   
       2026-02-09 05:00:00+00:00   27.650   27.710   27.650   27.700   1240.0   
       2026-02-10 05:00:00+00:00   27.700   27.700   27.700   27.700      0.0   
       2026-02-11 05:00:00+00:00   27.700   27.700   27.700   27.700      0.0   
       2026-02-12 05:00:00+00:00   27.630   27.630   27.630   27.630    116.0   
       2026-02-13 05:00:00+00:00   27.325   27.365   27.325   27.365    632.0   
       2026-02-17 05:00:00+00:00   27.290   27.290   27.290   27.290    189.0   
       2026-02-18 05:00:00+00:00   27.540   27.540   27.540   27.540    171.0   
       2026-02-19 05:00:00+00:00   27.540   27.540   27.540   27.540      0.0   
       2026-02-20 05:00:00+00:00   27.680   27.680   27.680   27.680    100.0   
       2026-02-23 05:00:00+00:00   27.580   27.580   27.580   27.580    181.0   
       2026-02-24 05:00:00+00:00   27.580   27.580   27.580   27.580      0.0   
       2026-02-25 05:00:00+00:00   27.580   27.580   27.580   27.580      0.0   
       2026-02-26 05:00:00+00:00   27.580   27.580   27.580   27.580      0.0   
       2026-02-27 05:00:00+00:00   27.440   27.440   27.440   27.440    100.0   
       2026-03-02 05:00:00+00:00   27.560   27.560   27.490   27.490    500.0   
       2026-03-03 05:00:00+00:00   27.450   27.450   27.450   27.450    200.0   
       2026-03-04 05:00:00+00:00   27.450   27.450   27.450   27.450      0.0   
       2026-03-05 05:00:00+00:00   27.330   27.330   27.330   27.330    207.0   
       2026-03-06 05:00:00+00:00   27.330   27.330   27.330   27.330      0.0   
       2026-03-09 04:00:00+00:00   27.460   27.460   27.460   27.460    100.0   
       2026-03-10 04:00:00+00:00   27.480   27.480   27.480   27.480    144.0   
       2026-03-11 04:00:00+00:00   27.470   27.470   27.470   27.470    100.0   
       2026-03-12 04:00:00+00:00   27.470   27.470   27.470   27.470      0.0   
       2026-03-13 04:00:00+00:00   27.070   27.090   27.040   27.040    530.0   
       2026-03-16 04:00:00+00:00   27.040   27.040   27.040   27.040      0.0   
       2026-03-17 04:00:00+00:00   27.430   27.430   27.430   27.430    100.0   
       2026-03-18 04:00:00+00:00   27.430   27.430   27.430   27.430      0.0   
       2026-03-19 04:00:00+00:00   27.430   27.430   27.430   27.430      0.0   
       2026-03-20 04:00:00+00:00   27.430   27.430   27.430   27.430      0.0   
       2026-03-23 04:00:00+00:00   27.430   27.430   27.430   27.430      0.0   
       2026-03-24 04:00:00+00:00   27.430   27.430   27.430   27.430      0.0   
       2026-03-25 04:00:00+00:00   27.430   27.430   27.430   27.430      0.0   
       2026-03-26 04:00:00+00:00   26.585   26.585   26.560   26.560    243.0   
       2026-03-27 04:00:00+00:00   26.560   26.560   26.560   26.560      0.0   
       2026-03-30 04:00:00+00:00   26.560   26.560   26.560   26.560      0.0   
       2026-03-31 04:00:00+00:00   26.560   26.560   26.560   26.560      0.0   
       2026-04-01 04:00:00+00:00   26.560   26.560   26.560   26.560      0.0   
       2026-04-02 04:00:00+00:00   26.560   26.560   26.560   26.560      0.0   
       2026-04-06 04:00:00+00:00   26.940   26.940   26.940   26.940    151.0   
       2026-04-07 04:00:00+00:00   26.840   26.840   26.840   26.840    190.0   
       2026-04-08 04:00:00+00:00   27.250   27.300   27.250   27.300    365.0   
       2026-04-09 04:00:00+00:00   27.300   27.300   27.300   27.300      0.0   
       2026-04-10 04:00:00+00:00   27.300   27.300   27.300   27.300      0.0   
       2026-04-13 04:00:00+00:00   27.350   27.350   27.340   27.340    337.0   
       2026-04-14 04:00:00+00:00   27.310   27.310   27.310   27.310    183.0   
       2026-04-15 04:00:00+00:00   27.475   27.475   27.475   27.475    100.0   
       2026-04-16 04:00:00+00:00   27.475   27.475   27.475   27.475      0.0   
       2026-04-17 04:00:00+00:00   27.475   27.475   27.475   27.475      0.0   
       2026-04-20 04:00:00+00:00   27.475   27.475   27.475   27.475      0.0   
       2026-04-21 04:00:00+00:00   27.475   27.475   27.475   27.475      0.0   
       2026-04-22 04:00:00+00:00   27.475   27.475   27.475   27.475      0.0   
       2026-04-23 04:00:00+00:00   27.635   27.640   27.635   27.640    200.0   
       2026-04-24 04:00:00+00:00   27.660   27.670   27.660   27.670    562.0   
       2026-04-27 04:00:00+00:00   27.670   27.670   27.670   27.670      0.0   
       2026-04-28 04:00:00+00:00   27.540   27.540   27.530   27.540    500.0   
       2026-04-29 04:00:00+00:00   27.540   27.540   27.540   27.540      0.0   
       2026-04-30 04:00:00+00:00   27.540   27.540   27.540   27.540      0.0   
       2026-05-01 04:00:00+00:00   27.670   27.670   27.640   27.640    200.0   
       2026-05-04 04:00:00+00:00   27.640   27.640   27.640   27.640      0.0   
       2026-05-05 04:00:00+00:00   27.640   27.640   27.640   27.640      0.0   
       2026-05-06 04:00:00+00:00   27.640   27.640   27.640   27.640      0.0   
       2026-05-07 04:00:00+00:00   27.640   27.640   27.640   27.640      0.0   
       2026-05-08 04:00:00+00:00   27.640   27.640   27.640   27.640      0.0   
       2026-05-11 04:00:00+00:00   27.840   27.840   27.840   27.840    149.0   
       2026-05-12 04:00:00+00:00   27.840   27.840   27.840   27.840      0.0   
       2026-05-13 04:00:00+00:00   27.840   27.840   27.840   27.840      0.0   
       2026-05-14 04:00:00+00:00   27.840   27.840   27.840   27.840      0.0   
       2026-05-15 04:00:00+00:00   27.910   27.915   27.890   27.895    700.0   

                                  trade_count        vwap  
symbol timestamp                                           
NBN    2025-05-16 04:00:00+00:00        197.0   86.215000  
       2025-05-19 04:00:00+00:00        135.0   84.970000  
       2025-05-20 04:00:00+00:00        144.0   85.302500  
       2025-05-21 04:00:00+00:00        116.0   84.205000  
       2025-05-22 04:00:00+00:00          0.0    0.000000  
       2025-05-23 04:00:00+00:00        172.0   82.460000  
       2025-05-27 04:00:00+00:00        193.0   83.882857  
       2025-05-28 04:00:00+00:00        220.0   83.641429  
       2025-05-29 04:00:00+00:00         82.0   83.800000  
       2025-05-30 04:00:00+00:00         61.0   83.735000  
       2025-06-02 04:00:00+00:00          0.0    0.000000  
       2025-06-03 04:00:00+00:00        184.0   81.598750  
       2025-06-04 04:00:00+00:00        154.0   80.355612  
       2025-06-05 04:00:00+00:00        109.0   80.446667  
       2025-06-06 04:00:00+00:00         72.0   82.070000  
       2025-06-09 04:00:00+00:00        103.0   84.669630  
       2025-06-10 04:00:00+00:00          0.0    0.000000  
       2025-06-11 04:00:00+00:00        208.0   85.665006  
       2025-06-12 04:00:00+00:00         81.0   84.990000  
       2025-06-13 04:00:00+00:00         81.0   83.800000  
       2025-06-16 04:00:00+00:00         63.0   82.750000  
       2025-06-17 04:00:00+00:00        158.0   82.185143  
       2025-06-18 04:00:00+00:00          0.0    0.000000  
       2025-06-20 04:00:00+00:00        125.0   82.306111  
       2025-06-23 04:00:00+00:00        137.0   83.950538  
       2025-06-24 04:00:00+00:00        216.0   86.686866  
       2025-06-25 04:00:00+00:00        170.0   85.024084  
       2025-06-26 04:00:00+00:00        153.0   86.053152  
       2025-06-27 04:00:00+00:00        267.0   88.450000  
       2025-06-30 04:00:00+00:00        109.0   88.607372  
       2025-07-01 04:00:00+00:00        164.0   91.059401  
       2025-07-02 04:00:00+00:00         78.0   92.576552  
       2025-07-03 04:00:00+00:00         75.0   96.361560  
       2025-07-07 04:00:00+00:00        144.0   94.704375  
       2025-07-08 04:00:00+00:00        205.0   95.517892  
       2025-07-09 04:00:00+00:00        130.0   95.492437  
       2025-07-10 04:00:00+00:00         89.0   96.800503  
       2025-07-11 04:00:00+00:00        128.0   96.218796  
       2025-07-14 04:00:00+00:00        219.0   97.186875  
       2025-07-15 04:00:00+00:00        230.0   95.883500  
       2025-07-16 04:00:00+00:00        155.0   95.506637  
       2025-07-17 04:00:00+00:00        128.0   96.060408  
       2025-07-18 04:00:00+00:00         74.0   94.674333  
       2025-07-21 04:00:00+00:00        112.0   95.830000  
       2025-07-22 04:00:00+00:00        164.0   96.530000  
       2025-07-23 04:00:00+00:00         94.0   95.593182  
       2025-07-24 04:00:00+00:00        175.0   96.014167  
       2025-07-25 04:00:00+00:00        188.0   95.865806  
       2025-07-28 04:00:00+00:00        144.0   96.317995  
       2025-07-29 04:00:00+00:00        245.0  102.395833  
       2025-07-30 04:00:00+00:00        262.0  103.036406  
       2025-07-31 04:00:00+00:00        264.0   99.094610  
       2025-08-01 04:00:00+00:00        245.0   95.079875  
       2025-08-04 04:00:00+00:00        241.0   92.810714  
       2025-08-05 04:00:00+00:00        379.0   94.201830  
       2025-08-06 04:00:00+00:00        153.0   93.112401  
       2025-08-07 04:00:00+00:00        199.0   93.695714  
       2025-08-08 04:00:00+00:00        216.0   95.967813  
       2025-08-11 04:00:00+00:00        145.0   97.152500  
       2025-08-12 04:00:00+00:00        161.0  101.415556  
       2025-08-13 04:00:00+00:00        126.0  102.395930  
       2025-08-14 04:00:00+00:00        251.0  102.606087  
       2025-08-15 04:00:00+00:00        199.0  102.592104  
       2025-08-18 04:00:00+00:00        134.0  101.446258  
       2025-08-19 04:00:00+00:00        149.0  101.916703  
       2025-08-20 04:00:00+00:00         58.0  102.357500  
       2025-08-21 04:00:00+00:00        150.0  102.427500  
       2025-08-22 04:00:00+00:00        130.0  106.675968  
       2025-08-25 04:00:00+00:00        120.0  109.005455  
       2025-08-26 04:00:00+00:00        173.0  110.348061  
       2025-08-27 04:00:00+00:00        180.0  110.545000  
       2025-08-28 04:00:00+00:00        244.0  110.794650  
       2025-08-29 04:00:00+00:00        163.0  110.950106  
       2025-09-02 04:00:00+00:00        129.0  109.069510  
       2025-09-03 04:00:00+00:00        124.0  108.372500  
       2025-09-04 04:00:00+00:00         75.0  109.812000  
       2025-09-05 04:00:00+00:00        162.0  108.942941  
       2025-09-08 04:00:00+00:00        182.0  109.846667  
       2025-09-09 04:00:00+00:00        232.0  110.166773  
       2025-09-10 04:00:00+00:00        226.0  109.668000  
       2025-09-11 04:00:00+00:00          0.0    0.000000  
       2025-09-12 04:00:00+00:00        105.0  110.323571  
       2025-09-15 04:00:00+00:00        117.0  109.855556  
       2025-09-16 04:00:00+00:00        229.0  108.925589  
       2025-09-17 04:00:00+00:00        213.0  110.171429  
       2025-09-18 04:00:00+00:00        206.0  111.373889  
       2025-09-19 04:00:00+00:00        103.0  110.383077  
       2025-09-22 04:00:00+00:00        398.0  108.883409  
       2025-09-23 04:00:00+00:00        147.0  108.061429  
       2025-09-24 04:00:00+00:00        144.0  108.660455  
       2025-09-25 04:00:00+00:00        145.0  103.075000  
       2025-09-26 04:00:00+00:00        216.0  103.941875  
       2025-09-29 04:00:00+00:00        177.0  101.840000  
       2025-09-30 04:00:00+00:00        216.0  100.062000  
       2025-10-01 04:00:00+00:00        143.0   98.733077  
       2025-10-02 04:00:00+00:00        168.0   95.218750  
       2025-10-03 04:00:00+00:00        118.0   94.805714  
       2025-10-06 04:00:00+00:00        232.0   96.030000  
       2025-10-07 04:00:00+00:00        152.0   96.492500  
       2025-10-08 04:00:00+00:00        124.0   95.836667  
       2025-10-09 04:00:00+00:00        133.0   94.463333  
       2025-10-10 04:00:00+00:00        109.0   94.542500  
       2025-10-13 04:00:00+00:00        127.0   92.686611  
       2025-10-14 04:00:00+00:00        199.0   96.030000  
       2025-10-15 04:00:00+00:00        103.0   93.625000  
       2025-10-16 04:00:00+00:00        125.0   90.686250  
       2025-10-17 04:00:00+00:00         73.0   90.945000  
       2025-10-20 04:00:00+00:00        196.0   93.745000  
       2025-10-21 04:00:00+00:00        163.0   94.093750  
       2025-10-22 04:00:00+00:00        142.0   94.960000  
       2025-10-23 04:00:00+00:00         69.0   94.195000  
       2025-10-24 04:00:00+00:00          0.0    0.000000  
       2025-10-27 04:00:00+00:00          0.0    0.000000  
       2025-10-28 04:00:00+00:00        135.0   96.242500  
       2025-10-29 04:00:00+00:00         99.0   94.306667  
       2025-10-30 04:00:00+00:00         56.0   87.346667  
       2025-10-31 04:00:00+00:00        100.0   87.460000  
       2025-11-03 05:00:00+00:00         85.0   87.685000  
       2025-11-04 05:00:00+00:00        183.0   85.520000  
       2025-11-05 05:00:00+00:00          0.0    0.000000  
       2025-11-06 05:00:00+00:00        107.0   84.157500  
       2025-11-07 05:00:00+00:00        167.0   84.550000  
       2025-11-10 05:00:00+00:00        130.0   85.127010  
       2025-11-11 05:00:00+00:00         85.0   85.660000  
       2025-11-12 05:00:00+00:00        105.0   86.324286  
       2025-11-13 05:00:00+00:00        207.0   83.786875  
       2025-11-14 05:00:00+00:00        209.0   85.172857  
       2025-11-17 05:00:00+00:00        189.0   83.249030  
       2025-11-18 05:00:00+00:00        123.0   83.407500  
       2025-11-19 05:00:00+00:00        124.0   82.740000  
       2025-11-20 05:00:00+00:00          0.0    0.000000  
       2025-11-21 05:00:00+00:00        100.0   85.608052  
       2025-11-24 05:00:00+00:00         69.0   84.115000  
       2025-11-25 05:00:00+00:00        132.0   86.568432  
       2025-11-26 05:00:00+00:00        108.0   87.911250  
       2025-11-28 05:00:00+00:00        121.0   88.450000  
       2025-12-01 05:00:00+00:00         61.0   90.080625  
       2025-12-02 05:00:00+00:00        292.0   90.989615  
       2025-12-03 05:00:00+00:00        120.0   91.460625  
       2025-12-04 05:00:00+00:00        122.0   92.616875  
       2025-12-05 05:00:00+00:00        219.0   91.998354  
       2025-12-08 05:00:00+00:00         92.0   93.186000  
       2025-12-09 05:00:00+00:00        147.0   93.919615  
       2025-12-10 05:00:00+00:00        128.0   95.797625  
       2025-12-11 05:00:00+00:00        239.0   98.084834  
       2025-12-12 05:00:00+00:00        377.0   99.736976  
       2025-12-15 05:00:00+00:00        102.0   99.153143  
       2025-12-16 05:00:00+00:00        117.0  101.380630  
       2025-12-17 05:00:00+00:00        163.0  102.231237  
       2025-12-18 05:00:00+00:00        362.0  105.822500  
       2025-12-19 05:00:00+00:00        120.0  108.828793  
       2025-12-22 05:00:00+00:00        240.0  107.319231  
       2025-12-23 05:00:00+00:00        199.0  106.768750  
       2025-12-24 05:00:00+00:00         83.0  107.087432  
       2025-12-26 05:00:00+00:00        125.0  106.701250  
       2025-12-29 05:00:00+00:00         92.0  106.018973  
       2025-12-30 05:00:00+00:00        181.0  104.694023  
       2025-12-31 05:00:00+00:00        135.0  104.673164  
       2026-01-02 05:00:00+00:00        138.0  103.425366  
       2026-01-05 05:00:00+00:00        116.0  104.513253  
       2026-01-06 05:00:00+00:00         86.0  105.721375  
       2026-01-07 05:00:00+00:00         80.0  105.780861  
       2026-01-08 05:00:00+00:00        228.0  109.091071  
       2026-01-09 05:00:00+00:00        117.0  109.609453  
       2026-01-12 05:00:00+00:00         40.0  106.920000  
       2026-01-13 05:00:00+00:00         83.0  107.985000  
       2026-01-14 05:00:00+00:00        126.0  109.232655  
       2026-01-15 05:00:00+00:00        139.0  114.413260  
       2026-01-16 05:00:00+00:00        112.0  115.709091  
       2026-01-20 05:00:00+00:00         72.0  114.630896  
       2026-01-21 05:00:00+00:00        168.0  117.345161  
       2026-01-22 05:00:00+00:00         60.0  119.800000  
       2026-01-23 05:00:00+00:00         39.0  115.655000  
       2026-01-26 05:00:00+00:00         71.0  114.650987  
       2026-01-27 05:00:00+00:00        286.0  108.240400  
       2026-01-28 05:00:00+00:00        127.0  114.381188  
       2026-01-29 05:00:00+00:00        205.0  116.127500  
       2026-01-30 05:00:00+00:00        130.0  116.179508  
       2026-02-02 05:00:00+00:00        173.0  118.289615  
       2026-02-03 05:00:00+00:00        202.0  122.400000  
       2026-02-04 05:00:00+00:00        171.0  124.815000  
       2026-02-05 05:00:00+00:00        123.0  120.875833  
       2026-02-06 05:00:00+00:00        138.0  124.231519  
       2026-02-09 05:00:00+00:00         68.0  123.891288  
       2026-02-10 05:00:00+00:00        126.0  120.237288  
       2026-02-11 05:00:00+00:00        204.0  121.364938  
       2026-02-12 05:00:00+00:00        160.0  119.400000  
       2026-02-13 05:00:00+00:00        131.0  119.046667  
       2026-02-17 05:00:00+00:00        121.0  121.132500  
       2026-02-18 05:00:00+00:00        110.0  116.876667  
       2026-02-19 05:00:00+00:00        127.0  116.118667  
       2026-02-20 05:00:00+00:00        157.0  116.873170  
       2026-02-23 05:00:00+00:00        180.0  112.425637  
       2026-02-24 05:00:00+00:00         77.0  111.673000  
       2026-02-25 05:00:00+00:00        118.0  115.788030  
       2026-02-26 05:00:00+00:00        169.0  114.578214  
       2026-02-27 05:00:00+00:00        253.0  110.933000  
       2026-03-02 05:00:00+00:00        120.0  112.664457  
       2026-03-03 05:00:00+00:00        183.0  111.515652  
       2026-03-04 05:00:00+00:00        192.0  112.655556  
       2026-03-05 05:00:00+00:00        185.0  109.287000  
       2026-03-06 05:00:00+00:00        212.0  105.972500  
       2026-03-09 04:00:00+00:00        171.0  106.171923  
       2026-03-10 04:00:00+00:00        256.0  109.809727  
       2026-03-11 04:00:00+00:00        168.0  108.269579  
       2026-03-12 04:00:00+00:00        307.0  109.268265  
       2026-03-13 04:00:00+00:00        117.0  109.316969  
       2026-03-16 04:00:00+00:00        135.0  110.110000  
       2026-03-17 04:00:00+00:00         81.0  109.511000  
       2026-03-18 04:00:00+00:00        105.0  107.108333  
       2026-03-19 04:00:00+00:00        180.0  106.650000  
       2026-03-20 04:00:00+00:00        133.0  106.448333  
       2026-03-23 04:00:00+00:00        190.0  108.946632  
       2026-03-24 04:00:00+00:00        220.0  110.526777  
       2026-03-25 04:00:00+00:00        265.0  110.650000  
       2026-03-26 04:00:00+00:00        131.0  108.326667  
       2026-03-27 04:00:00+00:00        145.0  108.020000  
       2026-03-30 04:00:00+00:00        122.0  109.718000  
       2026-03-31 04:00:00+00:00        178.0  111.065622  
       2026-04-01 04:00:00+00:00        265.0  114.773333  
       2026-04-02 04:00:00+00:00        239.0  114.774167  
       2026-04-06 04:00:00+00:00        154.0  116.485000  
       2026-04-07 04:00:00+00:00        205.0  117.054286  
       2026-04-08 04:00:00+00:00        231.0  121.291429  
       2026-04-09 04:00:00+00:00        268.0  123.405000  
       2026-04-10 04:00:00+00:00        281.0  123.677000  
       2026-04-13 04:00:00+00:00        296.0  123.782500  
       2026-04-14 04:00:00+00:00        194.0  122.161712  
       2026-04-15 04:00:00+00:00        199.0  123.980000  
       2026-04-16 04:00:00+00:00        214.0  120.995000  
       2026-04-17 04:00:00+00:00        242.0  124.837500  
       2026-04-20 04:00:00+00:00        141.0  124.655000  
       2026-04-21 04:00:00+00:00        118.0  121.890000  
       2026-04-22 04:00:00+00:00        152.0  121.388333  
       2026-04-23 04:00:00+00:00        246.0  121.310000  
       2026-04-24 04:00:00+00:00        368.0  119.791683  
       2026-04-27 04:00:00+00:00        301.0  122.951667  
       2026-04-28 04:00:00+00:00        569.0  130.383810  
       2026-04-29 04:00:00+00:00        347.0  127.205801  
       2026-04-30 04:00:00+00:00        171.0  123.985000  
       2026-05-01 04:00:00+00:00        219.0  124.915000  
       2026-05-04 04:00:00+00:00        179.0  124.966667  
       2026-05-05 04:00:00+00:00        256.0  127.103270  
       2026-05-06 04:00:00+00:00        260.0  128.141071  
       2026-05-07 04:00:00+00:00        239.0  126.223000  
       2026-05-08 04:00:00+00:00        199.0  123.932000  
       2026-05-11 04:00:00+00:00        212.0  123.820000  
       2026-05-12 04:00:00+00:00        243.0  122.057500  
       2026-05-13 04:00:00+00:00        178.0  118.971250  
       2026-05-14 04:00:00+00:00        225.0  119.868148  
       2026-05-15 04:00:00+00:00        233.0  115.376364  
NBOS   2025-05-16 04:00:00+00:00          0.0    0.000000  
       2025-05-19 04:00:00+00:00          2.0   25.570000  
       2025-05-20 04:00:00+00:00          0.0    0.000000  
       2025-05-21 04:00:00+00:00          0.0    0.000000  
       2025-05-22 04:00:00+00:00          1.0   25.500000  
       2025-05-23 04:00:00+00:00          0.0    0.000000  
       2025-05-27 04:00:00+00:00          0.0    0.000000  
       2025-05-28 04:00:00+00:00          1.0   25.355000  
       2025-05-29 04:00:00+00:00          0.0    0.000000  
       2025-05-30 04:00:00+00:00         10.0   25.480000  
       2025-06-02 04:00:00+00:00          0.0    0.000000  
       2025-06-03 04:00:00+00:00          7.0   25.450000  
       2025-06-04 04:00:00+00:00          0.0    0.000000  
       2025-06-05 04:00:00+00:00          0.0    0.000000  
       2025-06-06 04:00:00+00:00          0.0    0.000000  
       2025-06-09 04:00:00+00:00          0.0    0.000000  
       2025-06-10 04:00:00+00:00          8.0   25.710000  
       2025-06-11 04:00:00+00:00          0.0    0.000000  
       2025-06-12 04:00:00+00:00          5.0   25.800000  
       2025-06-13 04:00:00+00:00          0.0    0.000000  
       2025-06-16 04:00:00+00:00          1.0   25.780000  
       2025-06-17 04:00:00+00:00          0.0    0.000000  
       2025-06-18 04:00:00+00:00          2.0   25.780000  
       2025-06-20 04:00:00+00:00          1.0   25.710000  
       2025-06-23 04:00:00+00:00          0.0    0.000000  
       2025-06-24 04:00:00+00:00          0.0    0.000000  
       2025-06-25 04:00:00+00:00          1.0   25.900000  
       2025-06-26 04:00:00+00:00          0.0    0.000000  
       2025-06-27 04:00:00+00:00          0.0    0.000000  
       2025-06-30 04:00:00+00:00          0.0    0.000000  
       2025-07-01 04:00:00+00:00          2.0   25.940000  
       2025-07-02 04:00:00+00:00          0.0    0.000000  
       2025-07-03 04:00:00+00:00          0.0    0.000000  
       2025-07-07 04:00:00+00:00          0.0    0.000000  
       2025-07-08 04:00:00+00:00          1.0   25.990000  
       2025-07-09 04:00:00+00:00          0.0    0.000000  
       2025-07-10 04:00:00+00:00          0.0    0.000000  
       2025-07-11 04:00:00+00:00          0.0    0.000000  
       2025-07-14 04:00:00+00:00          1.0   26.170000  
       2025-07-15 04:00:00+00:00          1.0   26.110000  
       2025-07-16 04:00:00+00:00          4.0   26.150000  
       2025-07-17 04:00:00+00:00          0.0    0.000000  
       2025-07-18 04:00:00+00:00          0.0    0.000000  
       2025-07-21 04:00:00+00:00         31.0   26.247016  
       2025-07-22 04:00:00+00:00          2.0   26.330000  
       2025-07-23 04:00:00+00:00          1.0   26.320000  
       2025-07-24 04:00:00+00:00          2.0   26.375000  
       2025-07-25 04:00:00+00:00          1.0   26.390000  
       2025-07-28 04:00:00+00:00          0.0    0.000000  
       2025-07-29 04:00:00+00:00         37.0   26.252713  
       2025-07-30 04:00:00+00:00          0.0    0.000000  
       2025-07-31 04:00:00+00:00          0.0    0.000000  
       2025-08-01 04:00:00+00:00          5.0   25.957500  
       2025-08-04 04:00:00+00:00          3.0   26.218064  
       2025-08-05 04:00:00+00:00          0.0    0.000000  
       2025-08-06 04:00:00+00:00          0.0    0.000000  
       2025-08-07 04:00:00+00:00          3.0   26.280000  
       2025-08-08 04:00:00+00:00          5.0   26.352500  
       2025-08-11 04:00:00+00:00          0.0    0.000000  
       2025-08-12 04:00:00+00:00          3.0   26.420000  
       2025-08-13 04:00:00+00:00         12.0   26.474167  
       2025-08-14 04:00:00+00:00          0.0    0.000000  
       2025-08-15 04:00:00+00:00          5.0   26.470000  
       2025-08-18 04:00:00+00:00          0.0    0.000000  
       2025-08-19 04:00:00+00:00          4.0   26.456667  
       2025-08-20 04:00:00+00:00         10.0   26.450000  
       2025-08-21 04:00:00+00:00          0.0    0.000000  
       2025-08-22 04:00:00+00:00          4.0   26.530000  
       2025-08-25 04:00:00+00:00          0.0    0.000000  
       2025-08-26 04:00:00+00:00          5.0   26.425122  
       2025-08-27 04:00:00+00:00          5.0   26.440000  
       2025-08-28 04:00:00+00:00          0.0    0.000000  
       2025-08-29 04:00:00+00:00          7.0   26.445000  
       2025-09-02 04:00:00+00:00          7.0   26.375000  
       2025-09-03 04:00:00+00:00          5.0   26.402500  
       2025-09-04 04:00:00+00:00          0.0    0.000000  
       2025-09-05 04:00:00+00:00         18.0   26.525000  
       2025-09-08 04:00:00+00:00         10.0   26.590000  
       2025-09-09 04:00:00+00:00          0.0    0.000000  
       2025-09-10 04:00:00+00:00          0.0    0.000000  
       2025-09-11 04:00:00+00:00          0.0    0.000000  
       2025-09-12 04:00:00+00:00          0.0    0.000000  
       2025-09-15 04:00:00+00:00          7.0   26.770000  
       2025-09-16 04:00:00+00:00          3.0   26.760000  
       2025-09-17 04:00:00+00:00          0.0    0.000000  
       2025-09-18 04:00:00+00:00          0.0    0.000000  
       2025-09-19 04:00:00+00:00          0.0    0.000000  
       2025-09-22 04:00:00+00:00          2.0   26.790000  
       2025-09-23 04:00:00+00:00          0.0    0.000000  
       2025-09-24 04:00:00+00:00         12.0   26.870000  
       2025-09-25 04:00:00+00:00          2.0   26.655000  
       2025-09-26 04:00:00+00:00         10.0   26.670000  
       2025-09-29 04:00:00+00:00          5.0   26.760000  
       2025-09-30 04:00:00+00:00          3.0   26.780000  
       2025-10-01 04:00:00+00:00          0.0    0.000000  
       2025-10-02 04:00:00+00:00          6.0   26.835000  
       2025-10-03 04:00:00+00:00          4.0   26.855000  
       2025-10-06 04:00:00+00:00          3.0   26.866667  
       2025-10-07 04:00:00+00:00          3.0   26.850000  
       2025-10-08 04:00:00+00:00          1.0   26.945000  
       2025-10-09 04:00:00+00:00          0.0    0.000000  
       2025-10-10 04:00:00+00:00          0.0    0.000000  
       2025-10-13 04:00:00+00:00          0.0    0.000000  
       2025-10-14 04:00:00+00:00          0.0    0.000000  
       2025-10-15 04:00:00+00:00          0.0    0.000000  
       2025-10-16 04:00:00+00:00          0.0    0.000000  
       2025-10-17 04:00:00+00:00          0.0    0.000000  
       2025-10-20 04:00:00+00:00          1.0   27.140000  
       2025-10-21 04:00:00+00:00          8.0   27.170000  
       2025-10-22 04:00:00+00:00         18.0   27.131976  
       2025-10-23 04:00:00+00:00          0.0    0.000000  
       2025-10-24 04:00:00+00:00          4.0   27.245000  
       2025-10-27 04:00:00+00:00         18.0   27.334106  
       2025-10-28 04:00:00+00:00          0.0    0.000000  
       2025-10-29 04:00:00+00:00          3.0   27.155000  
       2025-10-30 04:00:00+00:00          3.0   27.115000  
       2025-10-31 04:00:00+00:00          3.0   27.102500  
       2025-11-03 05:00:00+00:00          3.0   27.145000  
       2025-11-04 05:00:00+00:00          7.0   27.064167  
       2025-11-05 05:00:00+00:00          4.0   27.150000  
       2025-11-06 05:00:00+00:00          9.0   27.010000  
       2025-11-07 05:00:00+00:00          0.0    0.000000  
       2025-11-10 05:00:00+00:00          0.0    0.000000  
       2025-11-11 05:00:00+00:00          0.0    0.000000  
       2025-11-12 05:00:00+00:00          0.0    0.000000  
       2025-11-13 05:00:00+00:00          0.0    0.000000  
       2025-11-14 05:00:00+00:00          2.0   27.110000  
       2025-11-17 05:00:00+00:00          2.0   27.010000  
       2025-11-18 05:00:00+00:00         10.0   26.740000  
       2025-11-19 05:00:00+00:00          7.0   26.913750  
       2025-11-20 05:00:00+00:00          5.0   26.518889  
       2025-11-21 05:00:00+00:00          1.0   26.890000  
       2025-11-24 05:00:00+00:00          0.0    0.000000  
       2025-11-25 05:00:00+00:00          5.0   26.860000  
       2025-11-26 05:00:00+00:00          0.0    0.000000  
       2025-11-28 05:00:00+00:00          0.0    0.000000  
       2025-12-01 05:00:00+00:00         10.0   27.150000  
       2025-12-02 05:00:00+00:00          0.0    0.000000  
       2025-12-03 05:00:00+00:00          5.0   27.155000  
       2025-12-04 05:00:00+00:00          0.0    0.000000  
       2025-12-05 05:00:00+00:00          2.0   27.070000  
       2025-12-08 05:00:00+00:00          1.0   27.070000  
       2025-12-09 05:00:00+00:00          2.0   27.065000  
       2025-12-10 05:00:00+00:00          3.0   27.180000  
       2025-12-11 05:00:00+00:00          0.0    0.000000  
       2025-12-12 05:00:00+00:00          3.0   27.210000  
       2025-12-15 05:00:00+00:00          0.0    0.000000  
       2025-12-16 05:00:00+00:00          7.0   27.229000  
       2025-12-17 05:00:00+00:00          1.0   27.160000  
       2025-12-18 05:00:00+00:00          0.0    0.000000  
       2025-12-19 05:00:00+00:00         16.0   27.191875  
       2025-12-22 05:00:00+00:00          1.0   27.215000  
       2025-12-23 05:00:00+00:00          7.0   27.330000  
       2025-12-24 05:00:00+00:00          0.0    0.000000  
       2025-12-26 05:00:00+00:00          0.0    0.000000  
       2025-12-29 05:00:00+00:00          0.0    0.000000  
       2025-12-30 05:00:00+00:00          0.0    0.000000  
       2025-12-31 05:00:00+00:00          9.0   27.363000  
       2026-01-02 05:00:00+00:00          4.0   27.285000  
       2026-01-05 05:00:00+00:00          0.0    0.000000  
       2026-01-06 05:00:00+00:00         10.0   27.425000  
       2026-01-07 05:00:00+00:00          4.0   27.500000  
       2026-01-08 05:00:00+00:00          1.0   27.380000  
       2026-01-09 05:00:00+00:00         13.0   27.430000  
       2026-01-12 05:00:00+00:00          5.0   27.574252  
       2026-01-13 05:00:00+00:00          0.0    0.000000  
       2026-01-14 05:00:00+00:00         11.0   27.433333  
       2026-01-15 05:00:00+00:00          0.0    0.000000  
       2026-01-16 05:00:00+00:00          4.0   27.500000  
       2026-01-20 05:00:00+00:00          5.0   27.248333  
       2026-01-21 05:00:00+00:00          3.0   27.320000  
       2026-01-22 05:00:00+00:00          0.0    0.000000  
       2026-01-23 05:00:00+00:00          0.0    0.000000  
       2026-01-26 05:00:00+00:00          2.0   27.627500  
       2026-01-27 05:00:00+00:00          0.0    0.000000  
       2026-01-28 05:00:00+00:00          0.0    0.000000  
       2026-01-29 05:00:00+00:00          0.0    0.000000  
       2026-01-30 05:00:00+00:00         10.0   27.555000  
       2026-02-02 05:00:00+00:00          3.0   27.570000  
       2026-02-03 05:00:00+00:00          1.0   27.660000  
       2026-02-04 05:00:00+00:00          6.0   27.372500  
       2026-02-05 05:00:00+00:00          3.0   27.220000  
       2026-02-06 05:00:00+00:00          6.0   27.476667  
       2026-02-09 05:00:00+00:00         14.0   27.685660  
       2026-02-10 05:00:00+00:00          0.0    0.000000  
       2026-02-11 05:00:00+00:00          0.0    0.000000  
       2026-02-12 05:00:00+00:00          5.0   27.630000  
       2026-02-13 05:00:00+00:00         17.0   27.345000  
       2026-02-17 05:00:00+00:00          6.0   27.290000  
       2026-02-18 05:00:00+00:00          3.0   27.540000  
       2026-02-19 05:00:00+00:00          0.0    0.000000  
       2026-02-20 05:00:00+00:00          1.0   27.680000  
       2026-02-23 05:00:00+00:00          1.0   27.580000  
       2026-02-24 05:00:00+00:00          0.0    0.000000  
       2026-02-25 05:00:00+00:00          0.0    0.000000  
       2026-02-26 05:00:00+00:00          0.0    0.000000  
       2026-02-27 05:00:00+00:00          1.0   27.440000  
       2026-03-02 05:00:00+00:00          4.0   27.534000  
       2026-03-03 05:00:00+00:00          4.0   27.450000  
       2026-03-04 05:00:00+00:00          0.0    0.000000  
       2026-03-05 05:00:00+00:00          5.0   27.330000  
       2026-03-06 05:00:00+00:00          0.0    0.000000  
       2026-03-09 04:00:00+00:00          1.0   27.460000  
       2026-03-10 04:00:00+00:00          2.0   27.480000  
       2026-03-11 04:00:00+00:00          1.0   27.470000  
       2026-03-12 04:00:00+00:00          0.0    0.000000  
       2026-03-13 04:00:00+00:00          8.0   27.066667  
       2026-03-16 04:00:00+00:00          0.0    0.000000  
       2026-03-17 04:00:00+00:00          1.0   27.430000  
       2026-03-18 04:00:00+00:00          0.0    0.000000  
       2026-03-19 04:00:00+00:00          0.0    0.000000  
       2026-03-20 04:00:00+00:00          0.0    0.000000  
       2026-03-23 04:00:00+00:00          0.0    0.000000  
       2026-03-24 04:00:00+00:00          0.0    0.000000  
       2026-03-25 04:00:00+00:00          0.0    0.000000  
       2026-03-26 04:00:00+00:00         11.0   26.572500  
       2026-03-27 04:00:00+00:00          0.0    0.000000  
       2026-03-30 04:00:00+00:00          0.0    0.000000  
       2026-03-31 04:00:00+00:00          0.0    0.000000  
       2026-04-01 04:00:00+00:00          0.0    0.000000  
       2026-04-02 04:00:00+00:00          0.0    0.000000  
       2026-04-06 04:00:00+00:00          2.0   26.940000  
       2026-04-07 04:00:00+00:00          3.0   26.840000  
       2026-04-08 04:00:00+00:00          4.0   27.276667  
       2026-04-09 04:00:00+00:00          0.0    0.000000  
       2026-04-10 04:00:00+00:00          0.0    0.000000  
       2026-04-13 04:00:00+00:00          3.0   27.345000  
       2026-04-14 04:00:00+00:00          2.0   27.310000  
       2026-04-15 04:00:00+00:00          1.0   27.475000  
       2026-04-16 04:00:00+00:00          0.0    0.000000  
       2026-04-17 04:00:00+00:00          0.0    0.000000  
       2026-04-20 04:00:00+00:00          0.0    0.000000  
       2026-04-21 04:00:00+00:00          0.0    0.000000  
       2026-04-22 04:00:00+00:00          0.0    0.000000  
       2026-04-23 04:00:00+00:00          2.0   27.637500  
       2026-04-24 04:00:00+00:00          8.0   27.665000  
       2026-04-27 04:00:00+00:00          0.0    0.000000  
       2026-04-28 04:00:00+00:00          6.0   27.537500  
       2026-04-29 04:00:00+00:00          0.0    0.000000  
       2026-04-30 04:00:00+00:00          0.0    0.000000  
       2026-05-01 04:00:00+00:00          2.0   27.655000  
       2026-05-04 04:00:00+00:00          0.0    0.000000  
       2026-05-05 04:00:00+00:00          0.0    0.000000  
       2026-05-06 04:00:00+00:00          0.0    0.000000  
       2026-05-07 04:00:00+00:00          0.0    0.000000  
       2026-05-08 04:00:00+00:00          0.0    0.000000  
       2026-05-11 04:00:00+00:00          2.0   27.840000  
       2026-05-12 04:00:00+00:00          0.0    0.000000  
       2026-05-13 04:00:00+00:00          0.0    0.000000  
       2026-05-14 04:00:00+00:00          0.0    0.000000  
       2026-05-15 04:00:00+00:00          8.0   27.898333  
